7.00000 0.000480685066112 0.000055323799 0.000000514014 
7.00000 0.000662009284335 -0.000032481381 0.000042788972 
7.00000 0.000484893246148 0.000081960240 0.000196162630 
7.00000 0.000188796089938 0.000040114055 0.000003802944 
7.00000 0.000463162145375 0.000048249813 -0.000046822947 
7.00000 0.000164054797601 0.000010498667 -0.000002737063 
7.00000 0.000249361907638 -0.000008729710 0.000017702249 
7.00000 0.000577222681812 0.000015017863 0.000015111231 
7.00000 0.000189223619592 0.000021938829 -0.000005049423 
7.00000 0.000410008735952 -0.000002128115 -0.000009125673 
7.00000 0.000353730390895 0.000058938583 -0.000021875626 
7.00000 0.000047775608433 -0.000007625665 -0.000011784672 
7.00000 0.000230598943168 -0.000002756587 0.000011201440 
7.00000 0.000192377180675 0.000004594304 -0.000005327356 
7.00000 0.000150212843490 -0.000018315998 0.000012678350 
7.00000 0.000380393109993 0.000029686264 -0.000035761060 
7.00000 0.000199490498565 -0.000003727746 0.000004637034 
7.00000 0.000248616318612 -0.000004744791 0.000007420302 
7.00000 0.000294272306987 -0.000030716654 -0.000009683398 
7.00000 0.000107076465424 0.000001399742 -0.000001214056 
7.00000 0.000117779117283 -0.000009810232 0.000009957743 
7.00000 0.000271858984216 0.000005886104 -0.000001203160 
7.00000 0.000052814644973 -0.000006664181 -0.000002342083 
7.00000 0.000416612530230 -0.000020211996 0.000011303711 
7.00000 0.000278213835693 0.000043180712 -0.000001076575 
7.00000 0.000380401667233 -0.000032287043 0.000015621442 
7.00000 0.000543331734913 -0.000021451281 -0.000109713187 
7.00000 0.000589375029548 0.000075612293 0.000014299168 
7.00000 0.000499818697621 -0.000012234510 0.000001100523 
7.00000 0.000127010622615 0.000006091817 -0.000006097721 
7.00000 0.000485813354243 -0.000023768386 -0.000012283186 
7.00000 0.590793568530746 0.107907332333 0.305437639296 
7.00000 0.010195013812041 0.000204540269 -0.000044820445 
7.00000 33.202220667594418 -0.171518407242 -0.583874441242 
7.00000 0.063008990632949 0.007819136969 -0.006035686827 
7.00000 7.00000 5.058290588806141 0.015050717478 -0.011717965017 
7.00000 0.007628367313741 0.005929559976 -0.005271901446 
7.00000 3.786902766769271 0.015130216056 0.001096315754 
7.00000 7.863586433765123 -0.030920324893 -0.052546208767 
7.00000 0.056212362101537 0.009148829389 0.003108348391 
7.00000 0.007190638179441 -0.001710306809 0.002614571441 
7.00000 6.797120581735165 0.007808463727 -0.009020291164 
7.00000 0.006038799399447 0.001501731235 -0.002865900183 
7.00000 0.004772990976618 -0.003656011660 -0.007010170271 
7.00000 13.188540709161066 -0.031622466335 0.095121423963 
7.00000 0.004180146419986 0.004266993623 -0.005120075942 
7.00000 0.004722356199010 0.001482726894 -0.000495731554 
7.00000 0.187078552533113 -0.007855498449 -0.010477714247 
7.00000 0.180163246532984 -0.025731591610 -0.004981313958 
7.00000 0.046909694556420 -0.009030293939 -0.002623616355 
7.00000 0.064827168486258 -0.015996973660 0.027474099697 
7.00000 0.024202981244545 0.004844551207 0.002012121090 
7.00000 7.211164832398794 0.002730390619 0.018304247997 
7.00000 0.003103718736210 -0.000613378655 0.004074621926 
7.00000 0.010791208007708 -0.000965928052 0.004909422120 
7.00000 3.828565879859315 -0.093265040355 2.132412330531 
7.00000 2.014617202829894 0.001155049157 -0.009277849328 
7.00000 4.269969626447359 -0.040129558261 -0.084337972275 
7.00000 8.937143432879983 2.170238532271 9.743590303131 
7.00000 6.541555637874546 -0.009099297539 -0.007445553626 
7.00000 22.837198855601510 27.089847528056 26.928658063967 
7.00000 9.154214782896071 0.309014041782 -0.388037586403 
7.00000 10.647612180996632 -9.414651857606 -12.711950283863 
7.00000 0.254206297250913 -0.015875453113 -0.010094153770 
7.00000 5.663993597864001 -0.009762396683 -0.022346980858 
7.00000 25.587030631359049 27.780436991766 28.985848266770 
7.00000 2.405701144524406 0.179594568276 -0.252948762143 
7.00000 12.679013710072526 0.017181704915 0.092301901336 
7.00000 3.372994418350110 -0.002054286538 0.111295461198 
7.00000 3.133765624974017 -0.011655923245 -0.050351245536 
7.00000 5.466347860234141 -0.003118011084 0.014072470316 
7.00000 0.009194545490738 0.001729018572 -0.001315837735 
7.00000 3.694447799644652 0.035080973646 0.098716873547 
7.00000 6.538246131646508 0.000689889323 -0.004197634318 
7.00000 0.005389524533443 0.002040098197 0.001231249684 
7.00000 0.004611295364627 0.000929134216 0.004555754477 
7.00000 0.004410933489820 -0.000246433294 0.001512993101 
7.00000 0.014786889820496 0.010278483468 -0.007858409264 
7.00000 0.004117211330359 -0.001375851718 -0.000156469276 
7.00000 0.223272503795680 -0.011744267712 0.012057550553 
7.00000 0.074870646416419 0.014502907500 -0.018399741728 
7.00000 0.000062086132079 -0.000001553176 -0.000003527210 
7.00000 0.000033485023370 -0.000006304756 0.000002834266 
7.00000 0.000008366031408 0.000003346978 0.000000509713 
7.00000 0.000016614248912 -0.000026386041 0.000015143584 
7.00000 0.000064204369808 -0.000009000334 0.000011584304 
7.00000 0.000190446391639 -0.000089917334 0.000119366178 
7.00000 0.000098230813054 -0.000096965509 0.000113283556 
7.00000 0.000101023589457 -0.000075788850 0.000075233154 
7.00000 0.000171342336509 -0.000053958874 0.000103263021 
7.00000 0.000075751044750 -0.000041668113 0.000046387637 
7.00000 0.000128127246881 0.000041610364 -0.000041076177 
7.00000 0.000126593889745 -0.000034428076 0.000075412407 
7.00000 0.000111432775703 0.000066242862 -0.000071355571 
7.00000 0.000083848312415 0.000034537415 -0.000051386041 
